,MUM,DEL,BNG,CHN,KOL,HYD,AMD
MUM,0.0,2.09,1.59,2.0,2.72,1.27,1.04
DEL,2.09,0.0,2.98,3.04,2.21,2.3,1.54
BNG,1.59,2.98,0.0,0.84,2.66,1.1,2.21
CHN,2.0,3.04,0.84,0.0,2.41,1.17,2.6
KOL,2.72,2.21,2.66,2.41,0.0,2.21,2.86
HYD,1.27,2.3,1.1,1.17,2.21,0.0,1.85
AMD,1.04,1.54,2.21,2.6,2.86,1.85,0.0
